	
Before:
 [[1, 1, 1, 1, 1], [1, 0, 0, 0, 1], [1, 0, 0, 0, -1], [-1, 0, 0, -1, -1], [-1, -1, -1, -1, 0]]
Move:  ((0, 4), (1, 3))
[[1, 1, 1, 1, 0], [1, 0, 0, 1, 1], [1, 0, 0, 0, -1], [-1, 0, 0, -1, -1], [-1, -1, -1, -1, 0]]
Before:
 [[1, 1, 1, 1, 0], [1, 0, 0, 1, 1], [1, 0, 0, 0, -1], [-1, 0, -1, -1, -1], [-1, -1, 0, -1, 0]]
Move:  ((2, 0), (3, 1))
[[1, 1, 1, 1, 0], [1, 0, 0, 1, 1], [0, 0, 0, 0, -1], [1, 1, 1, -1, -1], [-1, -1, 0, -1, 0]]
Before:
 [[1, 1, 1, 1, 0], [1, 0, 0, -1, 1], [0, 0, -1, 0, -1], [1, -1, 1, 0, -1], [-1, -1, 0, -1, 0]]
Move:  ((3, 2), (4, 2))
[[1, 1, 1, 1, 0], [1, 0, 0, -1, 1], [0, 0, -1, 0, -1], [1, -1, 0, 0, -1], [-1, 1, 1, 1, 0]]
Before:
 [[1, 1, 1, 1, 0], [-1, 0, 0, -1, 1], [-1, 0, -1, 0, -1], [-1, 0, 0, 0, -1], [-1, 1, 1, 1, 0]]
Move:  ((4, 1), (3, 1))
[[1, 1, 1, 1, 0], [-1, 0, 0, -1, 1], [-1, 0, 1, 0, -1], [-1, 1, 0, 0, -1], [1, 0, 1, 1, 0]]
Before:
 [[-1, 1, 1, 1, 0], [0, -1, 0, -1, 1], [-1, 0, -1, 0, -1], [-1, 1, 0, 0, -1], [1, 0, 1, 1, 0]]
Move:  ((3, 1), (2, 1))
[[-1, 1, 1, 1, 0], [0, -1, 0, -1, 1], [1, 1, 1, 0, -1], [-1, 0, 0, 0, -1], [1, 0, 1, 1, 0]]
Before:
 [[-1, 1, -1, 1, 0], [0, 0, -1, -1, 1], [1, 1, -1, 0, -1], [-1, 0, 0, 0, -1], [1, 0, 1, 1, 0]]
Move:  ((0, 1), (1, 1))
[[1, 0, -1, 1, 0], [0, 1, -1, -1, 1], [1, 1, 1, 0, -1], [-1, 0, 0, 0, -1], [1, 0, 1, 1, 0]]
Before:
 [[1, 0, -1, 1, 0], [0, 1, -1, -1, 1], [-1, 1, -1, 0, -1], [0, -1, 0, 0, -1], [-1, 0, -1, 1, 0]]
Move:  ((4, 3), (3, 3))
[[1, 0, -1, 1, 0], [0, 1, -1, -1, 1], [-1, 1, -1, 0, 1], [0, -1, 0, 1, -1], [-1, 0, 1, 0, 0]]
Before:
 [[1, 0, -1, 1, 0], [0, 1, -1, -1, 1], [-1, 1, -1, 0, 1], [0, -1, 0, 1, 0], [-1, 0, 1, 0, -1]]
Move:  ((3, 3), (3, 4))
[[1, 0, -1, 1, 0], [0, 1, -1, -1, 1], [-1, 1, -1, 0, 1], [0, -1, 0, 0, 1], [-1, 0, 1, 0, -1]]
Before:
 [[1, 0, -1, 1, 0], [0, 1, -1, -1, 1], [-1, 1, 0, 0, -1], [0, -1, 0, -1, -1], [-1, 0, -1, 0, -1]]
Move:  ((2, 1), (2, 2))
[[1, 0, -1, 1, 0], [0, 1, -1, 1, 1], [-1, 0, 1, 0, -1], [0, 1, 0, -1, -1], [-1, 0, -1, 0, -1]]
Before:
 [[1, 0, -1, 1, 0], [0, -1, -1, 1, 1], [0, -1, 1, 0, -1], [0, -1, 0, -1, -1], [-1, 0, -1, 0, -1]]
Move:  ((2, 2), (3, 2))
[[1, 0, -1, 1, 0], [0, -1, -1, 1, 1], [0, -1, 0, 0, -1], [0, 1, 1, 1, -1], [-1, 0, -1, 0, -1]]
Before:
 [[1, 0, -1, 1, 0], [0, 0, -1, -1, 1], [0, -1, -1, 0, -1], [0, -1, 1, 1, -1], [-1, 0, -1, 0, -1]]
Move:  ((3, 3), (4, 3))
[[1, 0, -1, 1, 0], [0, 0, -1, -1, 1], [0, -1, -1, 0, -1], [0, -1, 1, 0, -1], [-1, 0, 1, 1, 1]]
Before:
 [[1, -1, 0, 1, 0], [0, 0, -1, -1, 1], [0, -1, -1, 0, -1], [0, -1, 1, 0, -1], [-1, 0, 1, 1, 1]]
Move:  ((0, 0), (1, 1))
[[0, 1, 0, 1, 0], [0, 1, -1, -1, 1], [0, 1, -1, 0, -1], [0, -1, 1, 0, -1], [-1, 0, 1, 1, 1]]
Before:
 [[0, -1, -1, -1, 0], [0, 1, 0, -1, 1], [0, 1, -1, 0, -1], [0, -1, 1, 0, -1], [-1, 0, 1, 1, 1]]
Move:  ((1, 1), (1, 2))
[[0, -1, 1, -1, 0], [0, 0, 1, -1, 1], [0, 1, 1, 0, -1], [0, -1, 1, 0, -1], [-1, 0, 1, 1, 1]]
Before:
 [[0, -1, 1, 0, -1], [0, 0, 1, -1, -1], [0, 1, 1, 0, -1], [0, -1, 1, 0, -1], [-1, 0, 1, 1, 1]]
Move:  ((2, 1), (1, 1))
[[0, -1, 1, 0, -1], [0, 1, 1, -1, -1], [0, 0, 1, 0, -1], [0, -1, 1, 0, -1], [-1, 0, 1, 1, 1]]
Before:
 [[0, -1, 1, 0, -1], [0, 1, 1, -1, -1], [0, 0, -1, 0, 0], [0, -1, 1, -1, -1], [-1, 0, 1, 1, -1]]
Move:  ((0, 2), (0, 3))
[[0, -1, 0, 1, -1], [0, 1, 1, -1, -1], [0, 0, -1, 0, 0], [0, -1, 1, -1, -1], [-1, 0, 1, 1, -1]]
Before:
 [[0, 0, -1, -1, -1], [0, 1, 1, -1, -1], [0, 0, -1, 0, 0], [0, -1, 1, -1, -1], [-1, 0, 1, 1, -1]]
Move:  ((1, 1), (1, 0))
[[0, 0, -1, -1, -1], [1, 0, 1, -1, -1], [0, 0, -1, 0, 0], [0, -1, 1, -1, -1], [-1, 0, 1, 1, -1]]
Before:
 [[0, 0, 0, -1, -1], [-1, -1, -1, -1, -1], [0, 0, -1, 0, 0], [0, -1, 1, -1, -1], [-1, 0, 1, 1, -1]]
Move:  ((4, 2), (4, 1))
[[0, 0, 0, -1, -1], [-1, -1, -1, -1, -1], [0, 0, -1, 0, 0], [0, -1, 1, -1, -1], [-1, 1, 0, 1, -1]]
Before:
 [[0, 0, 0, -1, -1], [-1, -1, -1, -1, -1], [0, 0, -1, 0, 0], [0, 0, 1, -1, -1], [-1, -1, -1, -1, -1]]
Move:  ((3, 2), (3, 1))
[[0, 0, 0, -1, -1], [-1, -1, -1, -1, -1], [0, 0, 1, 0, 0], [0, 1, 0, -1, -1], [ ...snip... , -1], [1, 0, 1, -1, -1], [0, 0, 1, 1, 0], [-1, -1, 1, 1, 1], [0, 0, -1, -1, 1]]
Before:
 [[0, 0, 0, 0, -1], [-1, -1, -1, -1, -1], [0, 0, 1, 1, 0], [-1, -1, 1, 1, 1], [0, 0, -1, -1, 1]]
Move:  ((2, 2), (2, 1))
[[0, 0, 0, 0, -1], [-1, 1, -1, -1, -1], [0, 1, 0, 1, 0], [-1, 1, 1, 1, 1], [0, 0, -1, -1, 1]]
Before:
 [[0, 0, 0, 0, -1], [-1, -1, 0, -1, -1], [0, -1, -1, -1, 0], [-1, 1, 1, -1, 1], [0, 0, -1, -1, 1]]
Move:  ((3, 1), (2, 0))
[[0, 0, 0, 0, -1], [1, -1, 0, -1, -1], [1, -1, -1, -1, 0], [1, 0, 1, -1, 1], [0, 0, -1, -1, 1]]
Before:
 [[0, 0, 0, 0, -1], [1, -1, 0, 0, -1], [1, -1, -1, -1, -1], [1, 0, 1, -1, -1], [0, 0, -1, -1, -1]]
Move:  ((3, 0), (3, 1))
[[0, 0, 0, 0, -1], [1, -1, 0, 0, -1], [1, -1, -1, -1, -1], [0, 1, 1, -1, -1], [0, 0, -1, -1, -1]]
Before:
 [[0, 0, 0, 0, -1], [1, -1, 0, -1, -1], [1, -1, 0, -1, -1], [0, 1, 1, -1, -1], [0, 0, -1, -1, -1]]
Move:  ((3, 1), (2, 2))
[[0, 0, 0, 0, -1], [1, 1, 0, -1, -1], [1, 1, 1, 1, -1], [0, 0, 1, 1, -1], [0, 0, -1, -1, -1]]
Before:
 [[0, 0, 0, 0, -1], [1, 1, -1, 0, -1], [1, 1, 1, 1, -1], [0, 0, 1, 1, -1], [0, 0, -1, -1, -1]]
Move:  ((2, 2), (1, 3))
[[0, 0, 0, 0, -1], [1, 1, 1, 1, 1], [1, 1, 0, 1, -1], [0, 0, 1, 1, -1], [0, 0, -1, -1, -1]]
Before:
 [[0, 0, 0, 0, -1], [1, 1, 1, 1, 1], [1, 1, 0, 1, -1], [0, 0, 1, 1, -1], [0, -1, 0, -1, -1]]
Move:  ((3, 2), (4, 2))
[[0, 0, 0, 0, -1], [1, 1, 1, 1, 1], [1, 1, 0, 1, 1], [0, 0, 0, 1, 1], [0, 1, 1, 1, 1]]
Before:
 [[0, 0, 0, -1, 0], [1, 1, 1, 1, 1], [1, 1, 0, 1, 1], [0, 0, 0, 1, 1], [0, 1, 1, 1, 1]]
Move:  ((4, 1), (3, 1))
[[0, 0, 0, -1, 0], [1, 1, 1, 1, 1], [1, 1, 0, 1, 1], [0, 1, 0, 1, 1], [0, 0, 1, 1, 1]]
Before:
 [[0, 0, -1, 0, 0], [1, 1, 1, 1, 1], [1, 1, 0, 1, 1], [0, 1, 0, 1, 1], [0, 0, 1, 1, 1]]
Move:  ((1, 1), (2, 2))
[[0, 0, -1, 0, 0], [1, 0, 1, 1, 1], [1, 1, 1, 1, 1], [0, 1, 0, 1, 1], [0, 0, 1, 1, 1]]
Before:
 [[0, 0, 0, 0, 0], [-1, -1, -1, 1, 1], [1, 1, 1, 1, 1], [0, 1, 0, 1, 1], [0, 0, 1, 1, 1]]
Move:  ((3, 1), (3, 0))
[[0, 0, 0, 0, 0], [-1, -1, -1, 1, 1], [1, 1, 1, 1, 1], [1, 0, 0, 1, 1], [0, 0, 1, 1, 1]]
Before:
 [[-1, 0, 0, 0, 0], [0, -1, -1, 1, 1], [1, 1, 1, 1, 1], [1, 0, 0, 1, 1], [0, 0, 1, 1, 1]]
Move:  ((4, 2), (3, 1))
[[-1, 0, 0, 0, 0], [0, -1, -1, 1, 1], [1, 1, 1, 1, 1], [1, 1, 0, 1, 1], [0, 0, 0, 1, 1]]
Before:
 [[0, 0, 0, 0, 0], [-1, -1, -1, 1, 1], [1, 1, 1, 1, 1], [1, 1, 0, 1, 1], [0, 0, 0, 1, 1]]
Move:  ((1, 3), (0, 3))
[[0, 0, 0, 1, 0], [-1, -1, -1, 0, 1], [1, 1, 1, 1, 1], [1, 1, 0, 1, 1], [0, 0, 0, 1, 1]]
Before:
 [[0, 0, 0, -1, 0], [-1, -1, 0, -1, 1], [1, 1, 1, -1, 1], [1, 1, 0, 1, 1], [0, 0, 0, 1, 1]]
Move:  ((2, 2), (1, 2))
[[0, 0, 0, -1, 0], [-1, 1, 1, 1, 1], [1, 1, 0, -1, 1], [1, 1, 0, 1, 1], [0, 0, 0, 1, 1]]
Before:
 [[0, 0, 0, -1, 0], [-1, -1, 1, -1, 1], [1, 1, -1, 0, 1], [1, -1, 0, -1, 1], [0, 0, 0, 1, 1]]
Move:  ((2, 4), (2, 3))
[[0, 0, 0, -1, 0], [-1, -1, 1, 1, 1], [1, 1, -1, 1, 0], [1, -1, 0, 1, 1], [0, 0, 0, 1, 1]]
Before:
 [[-1, 0, 0, -1, 0], [0, -1, 1, 1, 1], [1, 1, -1, 1, 0], [1, -1, 0, 1, 1], [0, 0, 0, 1, 1]]
Move:  ((3, 3), (4, 2))
[[-1, 0, 0, -1, 0], [0, -1, 1, 1, 1], [1, 1, -1, 1, 0], [1, -1, 0, 0, 1], [0, 0, 1, 1, 1]]
Before:
 [[-1, 0, 0, -1, 0], [0, -1, 1, 1, 1], [1, 1, 0, -1, 0], [1, -1, 0, -1, 1], [0, 0, 1, -1, 1]]
Move:  ((2, 1), (2, 2))
[[-1, 0, 0, -1, 0], [0, 1, 1, 1, 1], [1, 0, 1, -1, 0], [1, -1, 0, 1, 1], [0, 0, 1, 1, 1]]
Before:
 [[-1, 0, 0, -1, 0], [0, 1, 1, 1, -1], [1, 0, 1, 0, -1], [1, -1, 0, 1, -1], [0, 0, 1, 1, 1]]
Move:  ((1, 3), (2, 3))
[[-1, 0, 0, -1, 0], [0, 1, 1, 0, -1], [1, 0, 1, 1, -1], [1, -1, 0, 1, -1], [0, 0, 1, 1, 1]]
Before:
 [[-1, 0, 0, -1, 0], [0, 1, 1, 0, -1], [1, 0, -1, 1, -1], [1, 0, -1, 1, -1], [0, 0, -1, 1, 1]]
Move:  ((2, 3), (1, 3))
[[-1, 0, 0, -1, 0], [0, 1, 1, 1, -1], [1, 0, -1, 0, -1], [1, 0, -1, 1, -1], [0, 0, -1, 1, 1]]
Before:
 [[-1, 0, 0, -1, 0], [0, 1, 1, -1, -1], [1, 0, 0, -1, -1], [1, 0, -1, -1, -1], [0, 0, -1, -1, -1]]
Move:  ((1, 1), (2, 1))
[[-1, 0, 0, -1, 0], [0, 0, 1, -1, -1], [1, 1, 0, -1, -1], [1, 0, -1, -1, -1], [0, 0, -1, -1, -1]]